|municipio               |estado|area_km2 |desmatado_2022|incremento_2021_2022|floresta_2022|
|------------------------|------|---------|--------------|--------------------|-------------|
|Tefé                    |AM    |18.475,6 |5.065,94      |156,51              |13.409,66    |
|Parintins               |AM    |48.491,08|2.513,69      |112,34              |45.977,39    |
|Presidente Figueiredo   |AM    |11.869,11|6.112,37      |51,57               |5.756,74     |
|Tefé                    |AM    |43.390,11|23.655,83     |187,07              |19.734,28    |
|Benjamin Constant       |AM    |13.547,33|1.256,13      |158,31              |12.291,2     |
|Borba                   |AM    |31.910,27|18.788,54     |68,27               |13.121,73    |
|Manicoré                |AM    |4.632,38 |525,98        |112,47              |4.106,4      |
|Eirunepé                |AM    |49.325,69|21.093,18     |39,09               |28.232,51    |
|Autazes                 |AM    |49.611,96|27.567,35     |170,12              |22.044,61    |
|Manicoré                |AM    |44.539,67|25.199,72     |39,1                |19.339,95    |
|Presidente Figueiredo   |AM    |53.325,09|14.708,17     |146,82              |38.616,92    |
|Manacapuru              |AM    |16.547,71|1.374,16      |58,02               |15.173,55    |
|Autazes                 |AM    |48.238,57|19.754,52     |48,89               |28.484,05    |
|Boca do Acre            |AM    |53.796,6 |31.991,13     |161,88              |21.805,47    |
|Tefé                    |AM    |18.374,67|3.824,74      |90,84               |14.549,93    |
|Manaus                  |AM    |18.825,85|7.071,3       |187,13              |11.754,55    |
|Eirunepé                |AM    |31.721,45|18.281,28     |47,98               |13.440,17    |
|Borba                   |AM    |2.446,04 |1.197,84      |170,75              |1.248,2      |
|Benjamin Constant       |AM    |9.788,06 |4.484,2       |140,95              |5.303,86     |
|Lábrea                  |AM    |43.621,31|18.737,51     |58,62               |24.883,8     |
|São Gabriel da Cachoeira|AM    |42.373,14|9.776,68      |199,2               |32.596,46    |
|Iranduba                |AM    |20.019,85|8.552,12      |89,12               |11.467,73    |
|Benjamin Constant       |AM    |5.504,39 |2.040,58      |197,18              |3.463,81     |
|Eirunepé                |AM    |24.266,31|720,99        |143,72              |23.545,32    |
|Autazes                 |AM    |20.103,3 |5.136,1       |35,13               |14.967,2     |
|Borba                   |AM    |31.668,46|2.686,98      |173,8               |28.981,48    |
|Parintins               |AM    |53.310,46|12.576,25     |98,72               |40.734,21    |
|Autazes                 |AM    |44.523,34|23.935,05     |52,57               |20.588,29    |
|Benjamin Constant       |AM    |10.778,27|2.901,71      |121,81              |7.876,56     |
|Autazes                 |AM    |11.519,21|5.908,52      |13,37               |5.610,69     |
|Parintins               |AM    |41.970,91|5.060,95      |127,28              |36.909,96    |
|Maués                   |AM    |21.416,81|12.733,32     |179,75              |8.683,49     |
|Lábrea                  |AM    |1.074,34 |556,98        |60,6                |517,36       |
|Benjamin Constant       |AM    |2.929,06 |1.192,46      |45,95               |1.736,6      |
|Borba                   |AM    |50.442,41|14.347,17     |115,19              |36.095,24    |
|Autazes                 |AM    |28.302,72|2.227,11      |163,95              |26.075,61    |
|Novo Aripuanã           |AM    |13.947,69|7.167,93      |79,73               |6.779,76     |
|Manaus                  |AM    |38.668,6 |4.137,07      |89,14               |34.531,53    |
|Borba                   |AM    |45.141,78|11.099,13     |148,78              |34.042,65    |
|Tabatinga               |AM    |55.172,55|28.046,23     |39,74               |27.126,32    |
|Tefé                    |AM    |11.345,6 |5.990,36      |100,41              |5.355,24     |
|Iranduba                |AM    |44.405,11|6.233,06      |189,31              |38.172,05    |
|Novo Aripuanã           |AM    |25.427,5 |3.214,69      |73,42               |22.212,81    |
|Manicoré                |AM    |40.140,2 |21.693,06     |94,74               |18.447,14    |
|Tefé                    |AM    |47.743,34|10.938,08     |131,32              |36.805,26    |
|Tefé                    |AM    |40.732,25|23.845,41     |186,92              |16.886,84    |
|São Gabriel da Cachoeira|AM    |46.364,13|14.158,78     |185,45              |32.205,35    |
|Benjamin Constant       |AM    |38.415,65|9.014,24      |179,7               |29.401,41    |
|Humaitá                 |AM    |34.916,07|10.058,12     |92,73               |24.857,95    |
|Tefé                    |AM    |31.219,31|9.746,47      |144,95              |21.472,84    |
|Itacoatiara             |AM    |18.890,56|5.476,17      |146,16              |13.414,39    |
|Lábrea                  |AM    |52.990,79|14.766,56     |102,82              |38.224,23    |
|Lábrea                  |AM    |16.724,49|6.787,49      |125,53              |9.937        |
|Tabatinga               |AM    |19.043,78|5.105,89      |34,17               |13.937,89    |
|Manacapuru              |AM    |29.838,42|2.121,1       |186,7               |27.717,32    |
|Presidente Figueiredo   |AM    |45.966,67|22.891,19     |83,33               |23.075,48    |
|Itacoatiara             |AM    |42.513,77|18.426,77     |145,17              |24.087       |
|Coari                   |AM    |57.240,15|21.377,79     |113,56              |35.862,36    |
|Boca do Acre            |AM    |55.924,7 |10.001,01     |132,28              |45.923,69    |
|Iranduba                |AM    |40.739,23|21.817,87     |64,13               |18.921,36    |
|Borba                   |AM    |55.603,11|8.013,49      |158,78              |47.589,62    |
|Benjamin Constant       |AM    |31.567,11|18.334,75     |53,53               |13.232,36    |
|São Gabriel da Cachoeira|AM    |29.093,69|10.965,03     |134,33              |18.128,66    |
|Presidente Figueiredo   |AM    |26.216,69|13.114,05     |162,09              |13.102,64    |
|Parintins               |AM    |9.547,78 |2.982,38      |45,63               |6.565,4      |
|Borba                   |AM    |40.293,94|8.929,38      |33,46               |31.364,56    |
|Itacoatiara             |AM    |58.996,51|33.193,92     |19,68               |25.802,59    |
|São Gabriel da Cachoeira|AM    |21.820,12|5.420,99      |176,32              |16.399,13    |
|Novo Aripuanã           |AM    |29.527,54|8.248,77      |115,38              |21.278,77    |
|Manaus                  |AM    |14.470,06|2.241,92      |150,38              |12.228,14    |
|Novo Aripuanã           |AM    |6.217,68 |593,64        |65,98               |5.624,04     |
|Tefé                    |AM    |52.755,46|7.166,85      |170,95              |45.588,61    |
|Humaitá                 |AM    |37.619,87|3.641,72      |93,43               |33.978,15    |
|Humaitá                 |AM    |43.129,95|5.924,03      |121,12              |37.205,92    |
|Tefé                    |AM    |7.050,07 |2.620,06      |139,83              |4.430,01     |
|Coari                   |AM    |59.580,58|15.646,24     |17,53               |43.934,34    |
|Itacoatiara             |AM    |9.833,97 |1.932,07      |48,37               |7.901,9      |
|Lábrea                  |AM    |3.796,63 |981,1         |142,75              |2.815,53     |
|Itacoatiara             |AM    |33.210,31|4.037,94      |51,61               |29.172,37    |
|Humaitá                 |AM    |37.311,72|8.094,97      |14,06               |29.216,75    |
|São Gabriel da Cachoeira|AM    |31.013,87|2.378,81      |127,78              |28.635,06    |
|Manicoré                |AM    |29.063,75|13.885,63     |152,18              |15.178,12    |
|Boca do Acre            |AM    |10.650,27|3.770,36      |135,5               |6.879,91     |
|Maués                   |AM    |18.846,22|8.792,15      |143,95              |10.054,07    |
|Tabatinga               |AM    |19.277,06|10.246,77     |194,73              |9.030,29     |
|Coari                   |AM    |21.876,31|10.230,93     |124,36              |11.645,38    |
|Iranduba                |AM    |50.913,04|22.368,5      |21,47               |28.544,54    |
|Autazes                 |AM    |22.932,75|9.786,54      |95,54               |13.146,21    |
|Boca do Acre            |AM    |5.843,57 |2.768,98      |38,23               |3.074,59     |
|Iranduba                |AM    |12.055,71|5.222,64      |126,27              |6.833,07     |
|Parintins               |AM    |40.400,66|14.752,74     |117,26              |25.647,92    |
|São Gabriel da Cachoeira|AM    |35.637,23|8.939,55      |21,18               |26.697,68    |
|Parintins               |AM    |46.219,75|14.628,39     |10,89               |31.591,36    |
|Manacapuru              |AM    |24.936,73|8.049,76      |39,75               |16.886,97    |
|Eirunepé                |AM    |15.079,28|4.785,54      |189,98              |10.293,74    |
|Lábrea                  |AM    |25.851,75|879,27        |113,32              |24.972,48    |
|Manacapuru              |AM    |16.044,25|1.629,58      |191,01              |14.414,67    |
|Boca do Acre            |AM    |42.217,74|17.191,62     |183,26              |25.026,12    |
|Novo Aripuanã           |AM    |45.961,96|20.448,94     |145,6               |25.513,02    |
|Tefé                    |AM    |37.426,45|4.502,68      |178,59              |32.923,77    |
|Coari                   |AM    |50.128,47|28.246,79     |17,84               |21.881,68    |
|Tefé                    |AM    |51.645,84|22.571,55     |80,68               |29.074,29    |
|Boca do Acre            |AM    |25.267,21|4.689,22      |90,93               |20.577,99    |
|Presidente Figueiredo   |AM    |40.652,3 |505,42        |163,61              |40.146,88    |
|São Gabriel da Cachoeira|AM    |24.814,34|13.532,34     |145,6               |11.282       |
|Eirunepé                |AM    |49.970,84|18.423,77     |19,68               |31.547,07    |
|Novo Aripuanã           |AM    |55.521,94|30.522,24     |74                  |24.999,7     |
|Novo Aripuanã           |AM    |34.015,25|833,02        |177,91              |33.182,23    |
|Manaus                  |AM    |21.666,33|3.550,95      |166,36              |18.115,38    |
|Maués                   |AM    |51.241,25|23.702,77     |186,56              |27.538,48    |
|Coari                   |AM    |21.565,71|6.971,27      |134,8               |14.594,44    |
|Autazes                 |AM    |6.593,65 |3.955,19      |90,51               |2.638,46     |
|Itacoatiara             |AM    |41.051,42|17.860,98     |110,94              |23.190,44    |
|Eirunepé                |AM    |12.022   |5.211,13      |154,1               |6.810,87     |
|Coari                   |AM    |26.918,65|9.423,64      |64,42               |17.495,01    |
|Tabatinga               |AM    |42.702,3 |835,57        |107,17              |41.866,73    |
|Manacapuru              |AM    |7.801,46 |3.316,77      |58,83               |4.484,69     |
|Iranduba                |AM    |33.036,07|1.772,93      |66,64               |31.263,14    |
|Humaitá                 |AM    |12.158,87|1.326,95      |133,66              |10.831,92    |
|Lábrea                  |AM    |33.791,13|16.135,66     |43,96               |17.655,47    |
|Coari                   |AM    |28.890,09|1.086,56      |150                 |27.803,53    |
|Manacapuru              |AM    |44.582,95|5.628,58      |61,17               |38.954,37    |
|Presidente Figueiredo   |AM    |14.702,13|8.054,42      |65,6                |6.647,71     |
|Parintins               |AM    |31.740,11|3.401,45      |50,01               |28.338,66    |
|Maués                   |AM    |37.824,08|4.869,21      |70,49               |32.954,87    |
|Borba                   |AM    |59.448,25|21.829,26     |28,14               |37.618,99    |
|Novo Aripuanã           |AM    |12.419,56|1.108,85      |143,83              |11.310,71    |
|Parintins               |AM    |42.565,79|11.187,71     |179,27              |31.378,08    |
|Manicoré                |AM    |36.722,88|14.685,76     |112,4               |22.037,12    |
|Itacoatiara             |AM    |34.559,87|19.685,4      |121,54              |14.874,47    |
|Parintins               |AM    |17.455,88|9.611,02      |113,04              |7.844,86     |
|Iranduba                |AM    |35.164,23|18.531,18     |63,35               |16.633,05    |
|Tabatinga               |AM    |53.342,24|5.371,96      |175,32              |47.970,28    |
|Novo Aripuanã           |AM    |23.316,56|6.018,52      |163,25              |17.298,04    |
|Eirunepé                |AM    |34.773,46|20.292,82     |12,62               |14.480,64    |
|Novo Aripuanã           |AM    |25.018,55|1.847,63      |58,55               |23.170,92    |
|Borba                   |AM    |13.555,79|7.625,69      |44,27               |5.930,1      |
|Eirunepé                |AM    |32.326,11|7.720,27      |131,45              |24.605,84    |
|Maués                   |AM    |36.393,8 |14.765,97     |150                 |21.627,83    |
|Tabatinga               |AM    |1.955,29 |514,84        |78,15               |1.440,45     |
|Eirunepé                |AM    |45.421,38|20.889,28     |193,59              |24.532,1     |
|Humaitá                 |AM    |5.008,27 |1.996,17      |98                  |3.012,1      |
|Eirunepé                |AM    |54.118,78|4.773,1       |92,53               |49.345,68    |
|Novo Aripuanã           |AM    |3.263,31 |1.438,97      |31,79               |1.824,34     |
|Lábrea                  |AM    |22.893,18|2.629,12      |54,9                |20.264,06    |
|Lábrea                  |AM    |5.966,89 |2.477,27      |71,74               |3.489,62     |
|Coari                   |AM    |53.123,92|8.843,45      |133,5               |44.280,47    |
|Iranduba                |AM    |53.515,26|27.228,78     |20,19               |26.286,48    |
|Parintins               |AM    |45.607,84|899,21        |180,49              |44.708,63    |
|Humaitá                 |AM    |21.555,08|8.619,34      |30,13               |12.935,74    |
|Manaus                  |AM    |57.316,78|27.487,25     |138,04              |29.829,53    |
|Coari                   |AM    |45.872,32|11.579,78     |25,76               |34.292,54    |
|Autazes                 |AM    |57.026,57|655,26        |133,78              |56.371,31    |
|Benjamin Constant       |AM    |27.038,76|9.408,27      |93,17               |17.630,49    |
|Lábrea                  |AM    |50.771,12|14.661,98     |76,38               |36.109,14    |
|Boca do Acre            |AM    |42.744,29|5.670,74      |173,37              |37.073,55    |
|Tefé                    |AM    |57.682,9 |23.870,3      |17,97               |33.812,6     |
|Borba                   |AM    |21.351,5 |8.780,29      |107,65              |12.571,21    |
|Manicoré                |AM    |50.956,58|13.042,82     |51,29               |37.913,76    |
|Novo Aripuanã           |AM    |50.103,03|20.551,75     |15,2                |29.551,28    |
|Boca do Acre            |AM    |49.319,57|24.719,18     |179,91              |24.600,39    |
|Borba                   |AM    |9.936,73 |3.362,59      |120,38              |6.574,14     |
|Benjamin Constant       |AM    |46.186,2 |6.351,02      |52,08               |39.835,18    |
|Manaus                  |AM    |8.645,03 |2.415,56      |51,14               |6.229,47     |
|Parintins               |AM    |23.272,11|958,16        |49,52               |22.313,95    |
|Manaus                  |AM    |54.958,9 |32.708,62     |87,25               |22.250,28    |
|Manaus                  |AM    |54.881,85|25.324,59     |176,3               |29.557,26    |
|Humaitá                 |AM    |28.670,82|14.652,53     |171,55              |14.018,29    |
|Manacapuru              |AM    |40.317,18|18.771,58     |21,78               |21.545,6     |
|Tefé                    |AM    |9.146,44 |4.842,25      |152,02              |4.304,19     |
|Eirunepé                |AM    |49.075,99|611,91        |52,55               |48.464,08    |
|Iranduba                |AM    |34.978,38|2.137,87      |58,78               |32.840,51    |
|Autazes                 |AM    |36.829,92|18.984,19     |69,74               |17.845,73    |
|Humaitá                 |AM    |43.448,8 |11.907,06     |125,02              |31.541,74    |
|Autazes                 |AM    |12.833,09|6.239,57      |134,95              |6.593,52     |
|Borba                   |AM    |26.796,32|4.351,16      |127,71              |22.445,16    |
|Maués                   |AM    |11.954,33|5.092,61      |93,77               |6.861,72     |
|Boca do Acre            |AM    |32.444,33|1.183,9       |77,08               |31.260,43    |
|Borba                   |AM    |41.737,38|7.464,85      |160,52              |34.272,53    |
|Boca do Acre            |AM    |36.626,13|10.947,5      |96,64               |25.678,63    |
|Tabatinga               |AM    |26.734,38|10.255,15     |140,51              |16.479,23    |
|Coari                   |AM    |4.043,76 |831,9         |185,9               |3.211,86     |
|Manaus                  |AM    |46.638,97|27.347,6      |116,46              |19.291,37    |
|Iranduba                |AM    |8.388,94 |3.052,2       |153,21              |5.336,74     |
|Tefé                    |AM    |8.547,64 |2.329,13      |117,68              |6.218,51     |
|Manicoré                |AM    |30.026,07|3.580,52      |129,76              |26.445,55    |
|São Gabriel da Cachoeira|AM    |20.843,13|9.494,44      |102,38              |11.348,69    |
|Benjamin Constant       |AM    |58.385,99|12.676,45     |47,85               |45.709,54    |
|Manacapuru              |AM    |57.007,11|28.418,15     |19,36               |28.588,96    |
|Novo Aripuanã           |AM    |28.189,31|14.377,91     |99,81               |13.811,4     |
|Borba                   |AM    |7.966,36 |1.584,12      |150,87              |6.382,24     |
|Borba                   |AM    |45.382,88|24.302,21     |48,19               |21.080,67    |
|Manacapuru              |AM    |11.010,71|5.383,81      |22,59               |5.626,9      |
|Benjamin Constant       |AM    |56.561,67|21.761,01     |184,19              |34.800,66    |
|Coari                   |AM    |46.900,51|24.337,53     |83,58               |22.562,98    |
|Benjamin Constant       |AM    |30.476,36|9.050,34      |134,95              |21.426,02    |
|Manaus                  |AM    |39.647   |13.579,18     |11,17               |26.067,82    |
|Manicoré                |AM    |5.866,53 |894,48        |76,25               |4.972,05     |
|Novo Aripuanã           |AM    |57.763,14|12.208,94     |165,52              |45.554,2     |
|Lábrea                  |AM    |4.322,67 |573,26        |192,58              |3.749,41     |
|Autazes                 |AM    |54.775,84|24.944,34     |121,11              |29.831,5     |
|Iranduba                |AM    |36.219,47|10.907,85     |178,91              |25.311,62    |
|Novo Aripuanã           |AM    |33.195,96|4.482,28      |30,57               |28.713,68    |
|Benjamin Constant       |AM    |4.531,27 |1.666,31      |173,31              |2.864,96     |
|Eirunepé                |AM    |48.612,41|4.563,64      |186,3               |44.048,77    |
|Eirunepé                |AM    |50.720,54|26.873,46     |68,59               |23.847,08    |
|São Gabriel da Cachoeira|AM    |48.711,11|8.872,89      |189,87              |39.838,22    |
|Tefé                    |AM    |26.323,45|7.542,45      |161,8               |18.781       |
|Maués                   |AM    |21.354,21|5.981,99      |107,56              |15.372,22    |
|Itacoatiara             |AM    |49.462,83|19.203,13     |77,74               |30.259,7     |
|Borba                   |AM    |5.602,62 |3.166,59      |177,61              |2.436,03     |
|Iranduba                |AM    |6.415,7  |1.783,25      |132,26              |4.632,45     |
|Eirunepé                |AM    |54.301,27|6.583,21      |62,48               |47.718,06    |
|Boca do Acre            |AM    |36.103,44|10.130,36     |19,62               |25.973,08    |
|Borba                   |AM    |8.551,58 |2.216,49      |199,97              |6.335,09     |
|São Gabriel da Cachoeira|AM    |34.724,66|13.383,79     |24,38               |21.340,87    |
|Iranduba                |AM    |2.668,74 |1.492,06      |10,06               |1.176,68     |
|Iranduba                |AM    |17.445,2 |7.711,36      |182,34              |9.733,84     |
|Maués                   |AM    |54.488,91|1.546,24      |33,86               |52.942,67    |
|Borba                   |AM    |51.845,44|8.458,74      |139,06              |43.386,7     |
|Novo Aripuanã           |AM    |55.245,96|26.569,47     |124,98              |28.676,49    |
|Lábrea                  |AM    |18.296,56|10.675,49     |111,5               |7.621,07     |
|Iranduba                |AM    |8.075,95 |2.452,77      |17,6                |5.623,18     |
|Lábrea                  |AM    |2.290,06 |731,82        |142,25              |1.558,24     |
|Borba                   |AM    |25.023,45|1.750,35      |26,93               |23.273,1     |
|Parintins               |AM    |5.060,34 |1.185,19      |106,1               |3.875,15     |
|Presidente Figueiredo   |AM    |1.380,55 |643,06        |76,73               |737,49       |
|Humaitá                 |AM    |48.152,19|27.540,82     |56,31               |20.611,37    |
|Tabatinga               |AM    |30.665,34|4.740,36      |134,6               |25.924,98    |
|Novo Aripuanã           |AM    |38.238,96|9.284,01      |34,52               |28.954,95    |
|Maués                   |AM    |12.573,33|1.222,64      |89,06               |11.350,69    |
|Itacoatiara             |AM    |52.958,32|24.212,1      |29,54               |28.746,22    |
|Borba                   |AM    |14.446,13|8.061,2       |30,87               |6.384,93     |
|Tefé                    |AM    |57.498,38|3.215,29      |104,99              |54.283,09    |
|Parintins               |AM    |34.609,79|14.724,36     |44,11               |19.885,43    |
|Humaitá                 |AM    |44.256,37|23.689,36     |48,16               |20.567,01    |
|Boca do Acre            |AM    |24.717,19|5.222,92      |131,38              |19.494,27    |
|Novo Aripuanã           |AM    |56.214,3 |15.927,42     |163,73              |40.286,88    |
|Iranduba                |AM    |1.418,45 |515,99        |135,2               |902,46       |
|Iranduba                |AM    |25.040,75|1.442,01      |142,28              |23.598,74    |
|Benjamin Constant       |AM    |43.072,88|19.708,46     |30,62               |23.364,42    |
|Manaus                  |AM    |49.898,91|9.165,31      |118,35              |40.733,6     |
|Humaitá                 |AM    |35.585,67|7.440,86      |198,99              |28.144,81    |
|Autazes                 |AM    |11.010,18|5.236,71      |105,69              |5.773,47     |
|Manaus                  |AM    |44.413,6 |13.745,7      |10,19               |30.667,9     |
|Coari                   |AM    |32.855,39|3.090,49      |60,84               |29.764,9     |
|Presidente Figueiredo   |AM    |57.724,27|33.159,36     |13,22               |24.564,91    |
|Manaus                  |AM    |24.926,46|4.173,52      |192,48              |20.752,94    |
|Parintins               |AM    |25.237,5 |5.786,48      |129,65              |19.451,02    |
|Itacoatiara             |AM    |44.511,23|24.640,93     |106,61              |19.870,3     |
|Benjamin Constant       |AM    |55.231,04|32.997,55     |70,59               |22.233,49    |
|Iranduba                |AM    |25.057,64|10.642,87     |144,9               |14.414,77    |
|Benjamin Constant       |AM    |26.904,28|5.659,81      |124,03              |21.244,47    |
|Manicoré                |AM    |16.380,26|7.902,28      |90,93               |8.477,98     |
|Parintins               |AM    |15.324,17|7.320,38      |196,48              |8.003,79     |
|Parintins               |AM    |2.220,14 |938,06        |187,29              |1.282,08     |
|Boca do Acre            |AM    |54.828,98|32.432,4      |128,21              |22.396,58    |
|Humaitá                 |AM    |47.684,93|22.406,45     |77,12               |25.278,48    |
|Manacapuru              |AM    |6.518,12 |691,22        |107,73              |5.826,9      |
|Benjamin Constant       |AM    |13.095,5 |5.278,28      |97,06               |7.817,22     |
|Parintins               |AM    |8.202,62 |2.445,62      |163,16              |5.757        |
|Manicoré                |AM    |33.435,86|8.072,11      |57,08               |25.363,75    |
|Iranduba                |AM    |11.995,14|4.326,74      |71,39               |7.668,4      |
|Boca do Acre            |AM    |18.032,1 |10.061,56     |121,4               |7.970,54     |
|Itacoatiara             |AM    |50.007,9 |28.181,59     |63,14               |21.826,31    |
|Tabatinga               |AM    |37.872,3 |7.906,71      |184,63              |29.965,59    |
|Manaus                  |AM    |2.646,48 |1.562,94      |65,78               |1.083,54     |
|Presidente Figueiredo   |AM    |47.510,13|28.380,1      |192,59              |19.130,03    |
|Borba                   |AM    |53.503,81|5.212,09      |15,81               |48.291,72    |
|Borba                   |AM    |51.521,53|12.335,61     |13,39               |39.185,92    |
|Novo Aripuanã           |AM    |12.892,31|2.368,47      |12,39               |10.523,84    |
|Manaus                  |AM    |30.790,89|10.761,91     |171,62              |20.028,98    |
|São Gabriel da Cachoeira|AM    |30.433,33|11.927,86     |144,06              |18.505,47    |
|Itacoatiara             |AM    |7.362,26 |3.026,69      |156,75              |4.335,57     |
|Manacapuru              |AM    |28.187,19|10.182,98     |169,6               |18.004,21    |
|Tabatinga               |AM    |57.387,29|3.514,31      |19,08               |53.872,98    |
|Boca do Acre            |AM    |17.771,46|9.654,82      |144,87              |8.116,64     |
|Lábrea                  |AM    |12.065,75|3.348,02      |15,14               |8.717,73     |
|Tefé                    |AM    |8.299,02 |1.726,95      |24,64               |6.572,07     |
|Itacoatiara             |AM    |41.207,28|15.057,02     |138,53              |26.150,26    |
|Presidente Figueiredo   |AM    |50.078,56|20.383,85     |24,63               |29.694,71    |
|Coari                   |AM    |43.778,97|18.038,66     |137,1               |25.740,31    |
|Itacoatiara             |AM    |40.399,66|9.443,34      |53                  |30.956,32    |
|Maués                   |AM    |20.487,66|9.587,1       |114,95              |10.900,56    |
|Tefé                    |AM    |13.638,24|6.297,35      |100,96              |7.340,89     |
|Tabatinga               |AM    |56.073,02|10.077,96     |39,41               |45.995,06    |
|Itacoatiara             |AM    |4.399,12 |1.617,74      |185,01              |2.781,38     |
|São Gabriel da Cachoeira|AM    |59.743,65|9.446,41      |14,12               |50.297,24    |
|Eirunepé                |AM    |35.392,73|15.487,62     |24,86               |19.905,11    |
|Parintins               |AM    |9.870,79 |2.001,08      |40,05               |7.869,71     |
|Eirunepé                |AM    |33.314,79|534,51        |122,72              |32.780,28    |
|Lábrea                  |AM    |41.952,07|2.629,22      |133,51              |39.322,85    |
|Eirunepé                |AM    |55.487,04|27.380,26     |104,07              |28.106,78    |
|Boca do Acre            |AM    |50.019,8 |24.270,21     |166,77              |25.749,59    |
|Humaitá                 |AM    |24.100,63|13.629,67     |64,15               |10.470,96    |
|Manacapuru              |AM    |40.726,05|12.344,15     |43,39               |28.381,9     |
|Boca do Acre            |AM    |20.899,83|4.680,8       |198,94              |16.219,03    |
|Novo Aripuanã           |AM    |17.984,14|2.214,19      |114,37              |15.769,95    |
|Itacoatiara             |AM    |13.997,07|4.481,46      |159,81              |9.515,61     |
|Manaus                  |AM    |25.939,2 |13.994,38     |197,05              |11.944,82    |
|Parintins               |AM    |10.931,53|2.557,59      |131                 |8.373,94     |
|Itacoatiara             |AM    |33.267,44|12.168,99     |35,86               |21.098,45    |
|Eirunepé                |AM    |4.229,5  |2.446,8       |125,63              |1.782,7      |
|Eirunepé                |AM    |28.097,65|9.351,34      |33,91               |18.746,31    |
|Tefé                    |AM    |15.342,52|2.677,08      |179,14              |12.665,44    |
|São Gabriel da Cachoeira|AM    |21.367,63|7.012,15      |16,51               |14.355,48    |
|Lábrea                  |AM    |55.433,28|15.502,39     |39,4                |39.930,89    |
|Iranduba                |AM    |28.587,4 |14.236,23     |36,92               |14.351,17    |
|Autazes                 |AM    |54.553,82|14.838,94     |124,56              |39.714,88    |
|Eirunepé                |AM    |48.265,33|15.566,3      |121,72              |32.699,03    |
|Manicoré                |AM    |17.018,28|10.194,61     |196,06              |6.823,67     |
|Lábrea                  |AM    |9.838,17 |3.540,75      |109,59              |6.297,42     |
|Coari                   |AM    |37.525,16|5.490,3       |45,37               |32.034,86    |
|Tefé                    |AM    |23.501,95|4.779,1       |78,68               |18.722,85    |
|Manaus                  |AM    |11.553,15|4.002,99      |172,24              |7.550,16     |
|Iranduba                |AM    |22.272,81|1.309,51      |193,57              |20.963,3     |
|Eirunepé                |AM    |35.356,81|5.155,62      |128                 |30.201,19    |
|Maués                   |AM    |38.529,69|2.696,55      |37,81               |35.833,14    |
|Manacapuru              |AM    |52.961,25|17.303,58     |147,58              |35.657,67    |
|Novo Aripuanã           |AM    |22.985,66|6.197,6       |28,77               |16.788,06    |
|Coari                   |AM    |22.287,82|10.584,45     |84,84               |11.703,37    |
|Manaus                  |AM    |22.933,62|3.811,15      |71,69               |19.122,47    |
|Eirunepé                |AM    |34.777,28|11.476,63     |19,13               |23.300,65    |
|Presidente Figueiredo   |AM    |22.670,67|695,14        |161,27              |21.975,53    |
|São Gabriel da Cachoeira|AM    |41.982,72|8.028,03      |100,46              |33.954,69    |
|Borba                   |AM    |46.403,75|16.350,97     |64,28               |30.052,78    |
|Boca do Acre            |AM    |31.249,95|9.678,96      |45,18               |21.570,99    |
|Itacoatiara             |AM    |14.300,05|3.666,58      |80,09               |10.633,47    |
|Boca do Acre            |AM    |37.448,41|11.881,04     |34,76               |25.567,37    |
|Tefé                    |AM    |13.519,53|6.870,95      |35,22               |6.648,58     |
|Manacapuru              |AM    |47.942,02|14.067,41     |63,89               |33.874,61    |
|Coari                   |AM    |4.841,14 |1.099,5       |108,66              |3.741,64     |
|Itacoatiara             |AM    |24.723,48|2.687,71      |190,77              |22.035,77    |
|São Gabriel da Cachoeira|AM    |17.221,73|6.386,17      |178,55              |10.835,56    |
|Benjamin Constant       |AM    |5.058,38 |2.520,59      |17,97               |2.537,79     |
|Itacoatiara             |AM    |22.277,24|12.136,29     |132,15              |10.140,95    |
|Manicoré                |AM    |15.705,73|2.066,35      |140,78              |13.639,38    |
|Novo Aripuanã           |AM    |35.851,16|7.433,8       |168,05              |28.417,36    |
|Maués                   |AM    |39.367,07|23.090,68     |115,41              |16.276,39    |
|Eirunepé                |AM    |32.221,99|16.948,96     |121,52              |15.273,03    |
|Benjamin Constant       |AM    |31.341,93|2.343,46      |60,95               |28.998,47    |
|Tabatinga               |AM    |34.910,37|14.722,46     |178,22              |20.187,91    |
|Itacoatiara             |AM    |24.621,44|1.019,81      |62,22               |23.601,63    |
|Itacoatiara             |AM    |12.655,91|2.599,34      |96,52               |10.056,57    |
|Boca do Acre            |AM    |33.628,44|1.312,16      |196,65              |32.316,28    |
|Tabatinga               |AM    |12.580,49|2.476,41      |77,42               |10.104,08    |
|Autazes                 |AM    |9.983,4  |1.844,65      |180,4               |8.138,75     |
|Autazes                 |AM    |9.135,57 |4.193,7       |82,69               |4.941,87     |
|Humaitá                 |AM    |55.782,71|29.886        |180,53              |25.896,71    |
|Parintins               |AM    |49.421,25|21.142,52     |62,53               |28.278,73    |
|Parintins               |AM    |12.844,74|6.843,53      |22,22               |6.001,21     |
|Parintins               |AM    |30.760,64|4.633,95      |76,51               |26.126,69    |
|Manacapuru              |AM    |14.165,94|2.891,7       |169,75              |11.274,24    |
|Itacoatiara             |AM    |52.106,91|26.376,51     |154,86              |25.730,4     |
|Lábrea                  |AM    |51.350,69|15.846,54     |125,18              |35.504,15    |
|Lábrea                  |AM    |43.470,63|22.212,62     |77,82               |21.258,01    |
|Humaitá                 |AM    |56.038,74|29.531,47     |195,67              |26.507,27    |
|Borba                   |AM    |53.383,57|18.547,16     |35,22               |34.836,41    |
|Maués                   |AM    |57.040,97|29.603,89     |118,89              |27.437,08    |
|Novo Aripuanã           |AM    |1.162,33 |543,96        |117,55              |618,37       |
|Benjamin Constant       |AM    |58.505,25|24.109,53     |51,16               |34.395,72    |
|Eirunepé                |AM    |11.645,04|3.139,55      |17,82               |8.505,49     |
|Boca do Acre            |AM    |52.711,44|12.846        |53,11               |39.865,44    |
|Maués                   |AM    |20.328,21|2.366,32      |170,78              |17.961,89    |
|Manaus                  |AM    |17.364,05|8.143,59      |195,77              |9.220,46     |
|Maués                   |AM    |16.658,89|8.058,31      |33,62               |8.600,58     |
|Humaitá                 |AM    |43.292,53|18.120,72     |43,99               |25.171,81    |
|Benjamin Constant       |AM    |26.621,65|1.441,85      |39,25               |25.179,8     |
|Boca do Acre            |AM    |26.025,22|2.804,85      |53,96               |23.220,37    |
|Itacoatiara             |AM    |31.755,42|12.714,14     |101,05              |19.041,28    |
|Tefé                    |AM    |10.136,89|3.673,81      |109,13              |6.463,08     |
|Parintins               |AM    |46.195,54|13.508,48     |183,21              |32.687,06    |
|Itacoatiara             |AM    |34.825,02|2.512,89      |87,36               |32.312,13    |
|Borba                   |AM    |22.054,81|8.187,24      |133,01              |13.867,57    |
|Iranduba                |AM    |7.777,26 |2.221,17      |49,2                |5.556,09     |
|Borba                   |AM    |36.909,92|4.964,08      |54,2                |31.945,84    |
|Benjamin Constant       |AM    |12.482,9 |2.718,59      |64,26               |9.764,31     |
|Coari                   |AM    |51.444,19|18.132,58     |13,49               |33.311,61    |
|Iranduba                |AM    |53.828,06|4.050,4       |65,38               |49.777,66    |
|Autazes                 |AM    |57.271,9 |23.154,48     |124,87              |34.117,42    |
|Novo Aripuanã           |AM    |31.544,42|13.623,93     |163,74              |17.920,49    |
|Presidente Figueiredo   |AM    |17.285,6 |3.651,53      |84,77               |13.634,07    |
|Tabatinga               |AM    |31.490,72|10.462,68     |48,18               |21.028,04    |
|Lábrea                  |AM    |36.482,65|17.561,31     |45,4                |18.921,34    |
|Lábrea                  |AM    |19.784,21|2.522,38      |130,33              |17.261,83    |
|Eirunepé                |AM    |37.407,96|19.281,6      |197,2               |18.126,36    |
|Eirunepé                |AM    |11.208,52|3.246,98      |180,54              |7.961,54     |
|Iranduba                |AM    |2.752,39 |1.240,64      |95,41               |1.511,75     |
|Novo Aripuanã           |AM    |30.348,3 |9.426,26      |79,98               |20.922,04    |
|Eirunepé                |AM    |2.376,17 |1.334,82      |28,2                |1.041,35     |
|Humaitá                 |AM    |28.534,24|15.605,33     |96,55               |12.928,91    |
|Parintins               |AM    |27.374,85|747,53        |103,46              |26.627,32    |
|Coari                   |AM    |24.041,18|6.084,56      |190,08              |17.956,62    |
|Autazes                 |AM    |59.482,92|21.028,73     |72,41               |38.454,19    |
|Presidente Figueiredo   |AM    |5.931,73 |3.069,89      |79,5                |2.861,84     |
|Tefé                    |AM    |45.689,96|12.056,49     |29,76               |33.633,47    |
|Boca do Acre            |AM    |4.766,03 |1.289,64      |123,08              |3.476,39     |
|Boca do Acre            |AM    |1.100,76 |571,47        |57,57               |529,29       |
|Tefé                    |AM    |2.704,59 |855,04        |194,89              |1.849,55     |
|Manaus                  |AM    |47.117,01|18.312,21     |140,11              |28.804,8     |
|Borba                   |AM    |38.017,97|11.388,46     |118,32              |26.629,51    |
|Humaitá                 |AM    |36.955,94|10.186,81     |41,93               |26.769,13    |
|Manacapuru              |AM    |21.336,79|11.556,74     |165,24              |9.780,05     |
|Borba                   |AM    |7.786,62 |4.048,4       |126,19              |3.738,22     |
|Lábrea                  |AM    |52.807,05|13.535,22     |96,4                |39.271,83    |
|Coari                   |AM    |37.713,31|11.727,36     |68,51               |25.985,95    |
|Autazes                 |AM    |44.994,11|4.695,34      |119,62              |40.298,77    |
|Manacapuru              |AM    |46.599,32|14.321,32     |155,5               |32.278       |
|Boca do Acre            |AM    |52.823,46|14.775,79     |193,47              |38.047,67    |
|Coari                   |AM    |43.500,94|3.802,8       |72,24               |39.698,14    |
|Itacoatiara             |AM    |44.515,11|24.276,26     |141,01              |20.238,85    |
|Maués                   |AM    |16.748,53|6.194,73      |46,78               |10.553,8     |
|Lábrea                  |AM    |19.749,82|10.154,92     |39,23               |9.594,9      |
|Autazes                 |AM    |51.325,13|5.042,46      |116,62              |46.282,67    |
|Novo Aripuanã           |AM    |38.947,34|5.791,95      |151,17              |33.155,39    |
|Parintins               |AM    |35.769,55|19.921,72     |115,4               |15.847,83    |
|Itacoatiara             |AM    |14.186,8 |3.680,04      |26,49               |10.506,76    |
|Coari                   |AM    |10.416,14|5.957,67      |17,78               |4.458,47     |
|Novo Aripuanã           |AM    |27.839,5 |6.117,67      |110,13              |21.721,83    |
|Coari                   |AM    |37.084,32|21.966,75     |138,48              |15.117,57    |
|Coari                   |AM    |29.144,95|14.361,46     |65,57               |14.783,49    |
|Parintins               |AM    |10.386,54|5.067,11      |76,87               |5.319,43     |
|Humaitá                 |AM    |22.817,54|12.878,23     |96,98               |9.939,31     |
|Boca do Acre            |AM    |1.263,06 |659,76        |27,65               |603,3        |
|Boca do Acre            |AM    |54.535,55|7.522,29      |173,45              |47.013,26    |
|Iranduba                |AM    |48.073,16|12.597,18     |147,19              |35.475,98    |
|São Gabriel da Cachoeira|AM    |44.638,27|7.513,01      |172,17              |37.125,26    |
|Manaus                  |AM    |34.866,04|1.616,36      |52,14               |33.249,68    |
|Parintins               |AM    |37.859,5 |21.052,32     |99,99               |16.807,18    |
|Manacapuru              |AM    |32.026,67|1.175,65      |180,18              |30.851,02    |
|Tabatinga               |AM    |43.315,18|16.481,61     |32,37               |26.833,57    |
|Maués                   |AM    |2.644,45 |1.069,48      |136,24              |1.574,97     |
|Eirunepé                |AM    |2.610,02 |1.086,38      |13,71               |1.523,64     |
|Iranduba                |AM    |41.315,22|19.023,37     |10,33               |22.291,85    |
|Manacapuru              |AM    |13.678,66|2.659,29      |44,11               |11.019,37    |
|Boca do Acre            |AM    |11.205,93|6.717,19      |198,96              |4.488,74     |
|Autazes                 |AM    |55.575,31|617,38        |44,03               |54.957,93    |
|São Gabriel da Cachoeira|AM    |45.076,9 |12.164,91     |19,99               |32.911,99    |
|Manacapuru              |AM    |8.572,82 |2.395,51      |71,76               |6.177,31     |
|Presidente Figueiredo   |AM    |28.389,31|12.797,32     |145,75              |15.591,99    |
|Boca do Acre            |AM    |4.965,61 |975,59        |140,35              |3.990,02     |
|Presidente Figueiredo   |AM    |32.060,61|5.737,7       |11,64               |26.322,91    |
|Maués                   |AM    |21.829,02|9.101,78      |29,43               |12.727,24    |
|Iranduba                |AM    |37.795,72|9.637,87      |91,18               |28.157,85    |
|Maués                   |AM    |19.921,32|2.097,9       |165,88              |17.823,42    |
|Eirunepé                |AM    |48.603,09|5.245,54      |23,48               |43.357,55    |
|Humaitá                 |AM    |23.190,96|7.941,62      |96,91               |15.249,34    |
|Boca do Acre            |AM    |11.600,99|2.418,92      |188,26              |9.182,07     |
|Maués                   |AM    |59.746,07|33.696,26     |56,11               |26.049,81    |
|Novo Aripuanã           |AM    |56.317,19|21.865,82     |74,63               |34.451,37    |
|Itacoatiara             |AM    |34.497,32|13.084,97     |72,46               |21.412,35    |
|Autazes                 |AM    |40.398,76|4.640,83      |92,76               |35.757,93    |
|Presidente Figueiredo   |AM    |44.752,82|15.036,77     |183,35              |29.716,05    |
|Itacoatiara             |AM    |7.621,61 |1.646,94      |52,07               |5.974,67     |
|Benjamin Constant       |AM    |25.875,03|4.402,76      |59,79               |21.472,27    |
|Novo Aripuanã           |AM    |1.300,47 |513,58        |169,15              |786,89       |
|Benjamin Constant       |AM    |43.296,3 |6.464,32      |132,85              |36.831,98    |
|Borba                   |AM    |38.760,4 |1.446,09      |94,08               |37.314,31    |
|Tefé                    |AM    |49.646,13|20.087,45     |125,19              |29.558,68    |
|Borba                   |AM    |28.242,13|2.043,54      |171,79              |26.198,59    |
|Humaitá                 |AM    |31.661,84|1.419,58      |197,46              |30.242,26    |
|Borba                   |AM    |55.166,25|10.671,29     |82,45               |44.494,96    |
|Boca do Acre            |AM    |27.385,9 |3.697,06      |19,69               |23.688,84    |
|Coari                   |AM    |28.725,93|11.875,91     |44,68               |16.850,02    |
|Tabatinga               |AM    |53.596,64|5.329,63      |162,11              |48.267,01    |
|Tabatinga               |AM    |5.162,28 |2.084,9       |137,47              |3.077,38     |
|Itacoatiara             |AM    |7.837,04 |2.492,01      |107,34              |5.345,03     |
|Iranduba                |AM    |43.477,4 |7.349,36      |117,56              |36.128,04    |
|São Gabriel da Cachoeira|AM    |37.533,99|9.367,31      |98,2                |28.166,68    |
|Iranduba                |AM    |25.985,64|5.063,31      |26,34               |20.922,33    |
|Lábrea                  |AM    |28.893,13|16.309,03     |164,69              |12.584,1     |
|Novo Aripuanã           |AM    |19.711,14|5.331,83      |50,37               |14.379,31    |
|Manaus                  |AM    |41.268,15|3.633,34      |89,76               |37.634,81    |
|Tefé                    |AM    |13.884,33|984,87        |124,39              |12.899,46    |
|Presidente Figueiredo   |AM    |10.640,93|1.545,51      |19,24               |9.095,42     |
|Boca do Acre            |AM    |46.108,57|9.808,11      |140,43              |36.300,46    |
|Tabatinga               |AM    |13.153,47|2.652,02      |53,33               |10.501,45    |
|Lábrea                  |AM    |26.081,17|9.996,45      |32,01               |16.084,72    |
|Maués                   |AM    |39.497,48|5.934,07      |116,71              |33.563,41    |
|Itacoatiara             |AM    |23.332,33|4.546,95      |50,55               |18.785,38    |
|Boca do Acre            |AM    |45.621,08|25.018,26     |134,42              |20.602,82    |
|Manaus                  |AM    |21.293   |7.597,44      |99,68               |13.695,56    |
|Novo Aripuanã           |AM    |44.219,26|6.227,6       |17,25               |37.991,66    |
|Iranduba                |AM    |20.464,52|5.016,43      |99,35               |15.448,09    |
|Eirunepé                |AM    |13.469,23|3.859,84      |80,52               |9.609,39     |
|Boca do Acre            |AM    |40.105,47|1.585,48      |55,03               |38.519,99    |
|Maués                   |AM    |51.828,87|30.925,4      |192,95              |20.903,47    |
|Autazes                 |AM    |29.033,31|805,82        |36,5                |28.227,49    |
|Itacoatiara             |AM    |26.220,61|736,8         |83,65               |25.483,81    |
|Parintins               |AM    |28.332,16|11.054,59     |39,81               |17.277,57    |
|Tabatinga               |AM    |17.515,1 |7.179,93      |144,35              |10.335,17    |
|Manicoré                |AM    |44.958,51|10.992,72     |45,33               |33.965,79    |
|São Gabriel da Cachoeira|AM    |56.175,64|16.324,64     |48,67               |39.851       |
|Iranduba                |AM    |4.487,29 |836,62        |135,98              |3.650,67     |
|Manaus                  |AM    |21.390,84|7.676,51      |70,88               |13.714,33    |
|Itacoatiara             |AM    |11.393,74|2.639,76      |119,62              |8.753,98     |
|Maués                   |AM    |2.090,58 |1.053,78      |17,46               |1.036,8      |
|Manicoré                |AM    |37.108,65|20.760,16     |58,52               |16.348,49    |
|Borba                   |AM    |39.893,74|11.588,41     |162,18              |28.305,33    |
|Eirunepé                |AM    |51.567,21|15.359,09     |100,67              |36.208,12    |
|Coari                   |AM    |12.383,14|1.965,6       |184,31              |10.417,54    |
|Humaitá                 |AM    |21.323,85|4.262,71      |172,47              |17.061,14    |
|Autazes                 |AM    |56.955,43|1.585,37      |72,05               |55.370,06    |
|Humaitá                 |AM    |7.782,35 |3.221,24      |75,17               |4.561,11     |
|Manaus                  |AM    |53.160,96|23.730        |44,36               |29.430,96    |
|Parintins               |AM    |28.683,08|1.770,92      |135,19              |26.912,16    |
|São Gabriel da Cachoeira|AM    |22.707,41|3.921,35      |31,43               |18.786,06    |
|Boca do Acre            |AM    |45.158,24|24.165,28     |156,4               |20.992,96    |
|Humaitá                 |AM    |55.761,41|17.439,48     |175,26              |38.321,93    |
|Borba                   |AM    |19.182,63|6.772,11      |173,09              |12.410,52    |
|Autazes                 |AM    |34.671,46|6.322,41      |143,77              |28.349,05    |
|Autazes                 |AM    |2.671,78 |1.439,9       |40,24               |1.231,88     |
|Autazes                 |AM    |50.598,01|10.008,08     |141,47              |40.589,93    |
|Benjamin Constant       |AM    |15.784,65|6.791,19      |80,34               |8.993,46     |
|Presidente Figueiredo   |AM    |15.256,69|6.922,77      |29,23               |8.333,92     |
|Parintins               |AM    |19.307,35|1.250,13      |164,58              |18.057,22    |
|Novo Aripuanã           |AM    |25.113,63|12.397,44     |168,17              |12.716,19    |
|Parintins               |AM    |55.964,06|23.831,62     |45,98               |32.132,44    |
|Autazes                 |AM    |6.354,93 |1.870,73      |73,75               |4.484,2      |
|Autazes                 |AM    |40.667,55|23.140,92     |195,97              |17.526,63    |
|Parintins               |AM    |46.705,77|4.772,88      |25,86               |41.932,89    |
|Iranduba                |AM    |18.437,84|10.385,59     |64,11               |8.052,25     |
|Parintins               |AM    |23.147,35|4.795,59      |100,95              |18.351,76    |
|Coari                   |AM    |25.333,86|2.439,31      |23,23               |22.894,55    |
|Boca do Acre            |AM    |11.456,9 |4.227,1       |26,79               |7.229,8      |
|Humaitá                 |AM    |28.135,71|4.664,02      |14,51               |23.471,69    |
|Lábrea                  |AM    |49.533,68|25.890,15     |114,99              |23.643,53    |
|Boca do Acre            |AM    |34.912,88|8.792,06      |116,83              |26.120,82    |
|São Gabriel da Cachoeira|AM    |26.503,84|1.389,63      |186,8               |25.114,21    |
|Novo Aripuanã           |AM    |8.671,83 |2.022,61      |104,16              |6.649,22     |
|Lábrea                  |AM    |10.395,91|5.607,27      |142,04              |4.788,64     |
|Benjamin Constant       |AM    |16.767,36|9.305,72      |11,64               |7.461,64     |
|Novo Aripuanã           |AM    |22.513,27|4.093,89      |157,39              |18.419,38    |
|Itacoatiara             |AM    |46.432,98|23.797,65     |88,48               |22.635,33    |
|Humaitá                 |AM    |28.387,72|7.731,19      |58,34               |20.656,53    |
|Coari                   |AM    |57.921,97|17.069,62     |29,2                |40.852,35    |
|Iranduba                |AM    |23.071,74|3.534,66      |105,12              |19.537,08    |
|Boca do Acre            |AM    |23.318,83|12.778,25     |173,92              |10.540,58    |
|Iranduba                |AM    |8.277,69 |4.080,84      |182,85              |4.196,85     |
|Novo Aripuanã           |AM    |49.495,04|26.186,05     |187,11              |23.308,99    |
|Autazes                 |AM    |13.006,48|7.037,35      |186,67              |5.969,13     |
|Maués                   |AM    |1.473,61 |615,38        |52,93               |858,23       |
|Boca do Acre            |AM    |58.870,84|2.610,79      |134,72              |56.260,05    |
|Manaus                  |AM    |36.591,9 |18.211,66     |149,55              |18.380,24    |
|Manaus                  |AM    |20.879,62|5.315,21      |169,63              |15.564,41    |
|Benjamin Constant       |AM    |40.234,95|23.776,76     |133,13              |16.458,19    |
|Boca do Acre            |AM    |35.682,15|13.200,68     |153,97              |22.481,47    |
|Novo Aripuanã           |AM    |48.743,33|11.245,54     |188,02              |37.497,79    |
|Parintins               |AM    |52.365,6 |1.927,95      |51,78               |50.437,65    |
|Presidente Figueiredo   |AM    |35.711,73|15.601,71     |140,79              |20.110,02    |
|Novo Aripuanã           |AM    |34.713,13|11.929,42     |123,5               |22.783,71    |
|Coari                   |AM    |25.716,63|4.002,14      |160,46              |21.714,49    |
|Itacoatiara             |AM    |38.510,17|11.394,96     |58,86               |27.115,21    |
|Benjamin Constant       |AM    |34.888,78|10.174,28     |170,52              |24.714,5     |
|Manacapuru              |AM    |35.330,26|17.952,33     |89,86               |17.377,93    |
|Autazes                 |AM    |45.828,39|5.191,02      |158,55              |40.637,37    |
|Boca do Acre            |AM    |44.840,43|14.247,44     |72,61               |30.592,99    |
|Presidente Figueiredo   |AM    |35.385,79|19.679,17     |144,98              |15.706,62    |
|Manicoré                |AM    |45.406,99|7.917,98      |133,37              |37.489,01    |
|Novo Aripuanã           |AM    |2.978,8  |817,77        |37,09               |2.161,03     |
|Humaitá                 |AM    |55.527,56|5.595,24      |78,86               |49.932,32    |
|Novo Aripuanã           |AM    |7.022,47 |4.114,97      |78,36               |2.907,5      |
|Boca do Acre            |AM    |47.290,53|7.039,2       |190,67              |40.251,33    |
|Autazes                 |AM    |52.414,4 |28.112,52     |38,71               |24.301,88    |
|Borba                   |AM    |3.469,49 |1.950,11      |198,42              |1.519,38     |
|Novo Aripuanã           |AM    |6.840,16 |3.832,19      |46,94               |3.007,97     |
|Itacoatiara             |AM    |2.332,28 |600,9         |140,49              |1.731,38     |
|Maués                   |AM    |41.349,55|11.208,64     |104,41              |30.140,91    |
|Presidente Figueiredo   |AM    |52.530,14|6.656,73      |101,45              |45.873,41    |
|São Gabriel da Cachoeira|AM    |38.617,49|21.292,21     |175,47              |17.325,28    |
|Parintins               |AM    |10.572   |1.804,2       |140,09              |8.767,8      |
|Boca do Acre            |AM    |28.387,93|7.889,12      |118,78              |20.498,81    |
|Humaitá                 |AM    |8.734,04 |2.919,06      |102,13              |5.814,98     |
|Autazes                 |AM    |25.546,16|9.539,25      |95,35               |16.006,91    |
|Lábrea                  |AM    |14.407,42|7.343,01      |157,28              |7.064,41     |
|Novo Aripuanã           |AM    |46.241,9 |10.716,57     |184,06              |35.525,33    |
|Boca do Acre            |AM    |2.948,86 |1.534,26      |47,94               |1.414,6      |
|Borba                   |AM    |58.751,49|5.675,67      |117,82              |53.075,82    |
|Tefé                    |AM    |7.049,49 |1.846,45      |129,64              |5.203,04     |
|Boca do Acre            |AM    |33.317,94|13.107,69     |128,58              |20.210,25    |
|Autazes                 |AM    |49.634,76|19.590,75     |169,86              |30.044,01    |
|Novo Aripuanã           |AM    |12.903,63|2.261,14      |187,64              |10.642,49    |
|Benjamin Constant       |AM    |59.034,11|11.893,29     |178,88              |47.140,82    |
|Novo Aripuanã           |AM    |58.469,72|29.648,25     |22,3                |28.821,47    |
|Manicoré                |AM    |24.310,8 |13.195,47     |34,79               |11.115,33    |
|Autazes                 |AM    |33.623,96|5.832,63      |145,11              |27.791,33    |
|Benjamin Constant       |AM    |19.713,61|1.574,4       |147,48              |18.139,21    |
|Lábrea                  |AM    |14.774,93|2.236,68      |154,29              |12.538,25    |
|Itacoatiara             |AM    |57.901,27|15.832,16     |185,97              |42.069,11    |
|Humaitá                 |AM    |13.945,63|3.918,39      |53,58               |10.027,24    |
|Humaitá                 |AM    |17.750,08|2.810,75      |105,02              |14.939,33    |
|Manaus                  |AM    |47.024,62|16.714,24     |81,61               |30.310,38    |
|Novo Aripuanã           |AM    |43.993,07|25.378,64     |81,39               |18.614,43    |
|Iranduba                |AM    |52.967,75|20.056,85     |90,87               |32.910,9     |
|Humaitá                 |AM    |41.390,65|623,32        |41,94               |40.767,33    |
|Benjamin Constant       |AM    |53.007,21|23.553,19     |35,1                |29.454,02    |
|Tefé                    |AM    |55.471,59|6.002,82      |96,78               |49.468,77    |
|Borba                   |AM    |5.182,88 |530,38        |90,64               |4.652,5      |
|Autazes                 |AM    |44.040,21|26.047,47     |148,32              |17.992,74    |
|Manacapuru              |AM    |53.555,25|17.861,25     |63,19               |35.694       |
|Humaitá                 |AM    |24.267,53|8.133,44      |134,02              |16.134,09    |
|Manacapuru              |AM    |22.893,37|5.181,68      |23,55               |17.711,69    |
|Tefé                    |AM    |12.539,68|1.228,17      |95,1                |11.311,51    |
|Eirunepé                |AM    |43.558,77|23.723,22     |95,74               |19.835,55    |
|Manaus                  |AM    |5.389,26 |546,91        |63,21               |4.842,35     |
|Borba                   |AM    |42.895,82|18.123,85     |197,79              |24.771,97    |
|Tabatinga               |AM    |3.537,74 |1.538,56      |192,09              |1.999,18     |
|Itacoatiara             |AM    |17.657,21|3.979,21      |57,66               |13.678       |
|Coari                   |AM    |13.456,79|902,75        |54,05               |12.554,04    |
|Manaus                  |AM    |51.207,87|5.425,53      |198,76              |45.782,34    |
|Benjamin Constant       |AM    |3.754,48 |1.491,6       |143,54              |2.262,88     |
|Lábrea                  |AM    |19.043,52|7.822,87      |148,31              |11.220,65    |
|Iranduba                |AM    |45.499,55|4.993,24      |144,34              |40.506,31    |
|Presidente Figueiredo   |AM    |29.265,48|16.449,59     |145,09              |12.815,89    |
|Borba                   |AM    |57.322,3 |25.775,88     |22,01               |31.546,42    |
|Boca do Acre            |AM    |40.680,74|11.635,67     |122,8               |29.045,07    |
|Borba                   |AM    |28.506,58|15.412,86     |75,11               |13.093,72    |
|Boca do Acre            |AM    |22.867,4 |3.947,28      |123,16              |18.920,12    |
|Manacapuru              |AM    |13.792,63|1.876,11      |11,52               |11.916,52    |
|Humaitá                 |AM    |54.066,56|4.223,66      |92,17               |49.842,9     |
|Autazes                 |AM    |37.525,76|17.758,42     |45,46               |19.767,34    |
|Manicoré                |AM    |51.935,98|30.531,78     |126,56              |21.404,2     |
|Presidente Figueiredo   |AM    |32.347,09|4.016,99      |50,19               |28.330,1     |
|Autazes                 |AM    |55.330,2 |23.603,29     |74,9                |31.726,91    |
|Novo Aripuanã           |AM    |3.973,11 |1.232,46      |163,25              |2.740,65     |
|São Gabriel da Cachoeira|AM    |21.517,83|3.870,68      |46,04               |17.647,15    |
|Benjamin Constant       |AM    |3.330,14 |1.472,63      |195,13              |1.857,51     |
|Presidente Figueiredo   |AM    |29.232,1 |15.689,78     |90,2                |13.542,32    |
|Autazes                 |AM    |28.907   |2.581,94      |63,59               |26.325,06    |
|Parintins               |AM    |24.859,34|14.253,59     |118,47              |10.605,75    |
|Autazes                 |AM    |50.214,72|19.602,65     |172,78              |30.612,07    |
|Borba                   |AM    |1.726,59 |952,06        |79,41               |774,53       |
|Coari                   |AM    |28.209,94|3.305,82      |123,79              |24.904,12    |
|Eirunepé                |AM    |52.648,04|5.174,43      |158,87              |47.473,61    |
